Escape
F4 10 00 00 
F6 2C 00 00 
E6 48 00 00 
62 63 00 00 
30 7F 00 00 
3C 93 00 00 
66 A9 00 00 
32 BE 00 00 
66 C4 00 00 
1A DD 00 00

Eisenfaust
C2 E9 00 00 
40 FC 00 00 
0C 11 01 00 
18 27 01 00 
1C 40 01 00 
96 53 01 00 
C2 60 01 00 
86 82 01 00 
62 8A 01 00 
10 9F 01 00 

Hitler
56 AA 01 00 
78 B6 01 00 
5C C3 01 00 
82 D1 01 00
D2 E0 01 00 
48 F5 01 00 
EA 0D 02 00 
16 25 02 00 
44 2D 02 00 
E6 36 02 00 

A dark sec
A0 45 02 00 
C6 62 02 00 
62 75 02 00 
62 88 02 00 
BA A1 02 00 
C8 B7 02 00 
3C C9 02 00 
8A E5 02 00 
6E EE 02 00 
FA 01 03 00 

Trail of
68 0F 03 00 
40 1D 03 00 
D0 28 03 00 
7C 37 03 00 
30 4A 03 00 
F0 59 03 00 
18 6A 03 00 
5E 7D 03 00 
BA 8A 03 00 
F4 97 03 00 

Confront
64 B4 03 00 
04 D7 03 00 
24 F3 03 00 
5A 08 04 00 
5E 21 04 00 
62 36 04 00 
0A 57 04 00 
72 77 04 00 46 8A 04 00 C8 AA 04 00